variety,bathno,conduct,rootno,rootwt
h,1,1,9,0.0096
h,1,1,4,0.001
h,1,1,5,0.0007
h,1,1,6,0.0069
h,1,1,7,0.0116
h,1,1,3,0.0102
h,1,1,5,0.0011
h,1,1,10,0.0116
h,1,1,9,0.0167
h,1,1,10,0.0309
h,5,1,6,0.0123
h,5,1,8,0.0025
h,5,1,7,0.0148
h,5,1,8,0.0161
h,5,1,8,0.0151
h,5,1,7,0.0149
h,5,1,11,0.0226
h,5,1,9,0.0179
h,5,1,8,0.0172
h,5,1,11,0.02
h,7,1,3,0.0058
h,7,1,7,0.0061
h,7,1,7,0.0009
h,7,1,4,0.0012
h,7,1,9,
h,7,1,6,0.0138
h,7,1,10,0.0232
h,7,1,7,0.0114
h,7,1,7,0.0077
h,7,1,5,0.0017
h,12,1,4,0.0102
h,12,1,7,0.0019
h,12,1,10,0.0153
h,12,1,8,0.0029
h,12,1,3,0.0003
h,12,1,3,0.0001
h,12,1,11,0.0282
h,12,1,10,0.0266
h,12,1,11,0.0281
h,12,1,13,0.0313
h,4,2,0,0
h,4,2,9,0.035
h,4,2,0,0
h,4,2,10,0.0185
h,4,2,9,0.0238
h,4,2,6,0.0189
h,4,2,12,0.0309
h,4,2,0,0
h,4,2,7,0.0178
h,4,2,0,0
h,6,2,13,0.0297
h,6,2,12,0.0243
h,6,2,10,0.0099
h,6,2,9,0.0122
h,6,2,14,0.0232
h,6,2,5,0.0115
h,6,2,18,0.0306
h,6,2,12,0.0301
h,6,2,9,0.0144
h,6,2,8,0.0222
h,14,2,13,0.0246
h,14,2,20,0.0414
h,14,2,15,0.0305
h,14,2,14,0.0234
h,14,2,16,0.0349
h,14,2,18,0.0267
h,14,2,10,0.0275
h,14,2,18,0.0317
h,14,2,17,0.0337
h,14,2,11,0.0249
h,16,2,10,0.0155
h,16,2,8,0.0178
h,16,2,18,0.0438
h,16,2,12,0.0206
h,16,2,9,0.0297
h,16,2,19,0.0245
h,16,2,4,0.0118
h,16,2,11,0.0205
h,16,2,10,0.0278
h,16,2,11,0.0267
h,9,3,7,0.0184
h,9,3,6,0.0151
h,9,3,12,0.0418
h,9,3,8,0.0184
h,9,3,9,0.0273
h,9,3,17,0.0393
h,9,3,8,0.0205
h,9,3,20,0.0421
h,9,3,9,0.0245
h,9,3,13,0.0432
h,11,3,16,0.0237
h,11,3,8,0.0257
h,11,3,7,0.0023
h,11,3,15,0.0341
h,11,3,17,0.0235
h,11,3,10,0.0216
h,11,3,9,0.021
h,11,3,15,0.0203
h,11,3,8,0.0221
h,11,3,25,0.0413
h,13,3,6,0.0128
h,13,3,15,0.0325
h,13,3,10,0.0352
h,13,3,14,0.0298
h,13,3,12,0.0235
h,13,3,4,0.0132
h,13,3,9,0.0302
h,13,3,6,0.0114
h,13,3,13,0.0173
h,13,3,13,0.0282
h,15,3,13,0.0303
h,15,3,9,0.0166
h,15,3,8,0.0141
h,15,3,8,0.0312
h,15,3,15,0.034
h,15,3,6,0.0157
h,15,3,8,0.0187
h,15,3,1,0.0006
h,15,3,12,0.0399
h,15,3,14,0.0143
h,2,4,11,0.0077
h,2,4,20,0.0277
h,2,4,9,0.0188
h,2,4,10,0.0236
h,2,4,3,0.0119
h,2,4,12,0.0317
h,2,4,9,0.0169
h,2,4,9,0.0183
h,2,4,3,0.0102
h,2,4,7,0.0231
h,3,4,15,0.0252
h,3,4,8,0.0176
h,3,4,9,0.0113
h,3,4,4,0.0121
h,3,4,13,0.0153
h,3,4,7,0.0095
h,3,4,10,0.0287
h,3,4,9,0.0127
h,3,4,10,0.0277
h,3,4,11,0.0331
h,8,4,15,0.032
h,8,4,11,0.0388
h,8,4,8,0.0164
h,8,4,11,0.029
h,8,4,5,0.016
h,8,4,17,0.0429
h,8,4,7,0.0194
h,8,4,12,0.0317
h,8,4,8,0.0236
h,8,4,17,0.0325
h,10,4,8,0.0252
h,10,4,7,0.013
h,10,4,11,0.0227
h,10,4,19,0.0498
h,10,4,5,0.0096
h,10,4,11,0.0357
h,10,4,6,0.0118
h,10,4,3,0.0262
h,10,4,7,0.0025
h,10,4,4,0.0108
r,1,1,0,0
r,1,1,8,0.0114
r,1,1,5,0.0025
r,1,1,5,0.0015
r,1,1,1,0.0003
r,1,1,4,0.0052
r,1,1,12,0.0161
r,1,1,0,0
r,1,1,5,0.0042
r,1,1,5,0.0043
r,5,1,9,0.0092
r,5,1,8,0.0299
r,5,1,10,0.0153
r,5,1,3,0.0068
r,5,1,3,0.0063
r,5,1,3,0.0019
r,5,1,6,0.0242
r,5,1,5,0.0197
r,5,1,0,0
r,5,1,4,0.006
r,7,1,4,0.0011
r,7,1,9,0.0174
r,7,1,5,0.0273
r,7,1,10,0.0105
r,7,1,6,0.011
r,7,1,0,0
r,7,1,8,0.0109
r,7,1,3,0.0021
r,7,1,4,0.0066
r,7,1,9,0.0156
r,12,1,5,0.0126
r,12,1,2,0.0028
r,12,1,9,0.0214
r,12,1,14,0.0229
r,12,1,9,0.0163
r,12,1,6,0.0125
r,12,1,13,0.0083
r,12,1,10,0.0065
r,12,1,0,0
r,12,1,2,0.0012
r,4,2,0,0
r,4,2,0,0
r,4,2,0,0
r,4,2,11,0.0262
r,4,2,0,0
r,4,2,0,0
r,4,2,5,0.0171
r,4,2,5,0.0115
r,4,2,12,0.0253
r,4,2,9,0.0067
r,6,2,10,0.0232
r,6,2,11,0.0348
r,6,2,10,0.0478
r,6,2,9,0.0297
r,6,2,11,0.0134
r,6,2,8,0.0222
r,6,2,2,0.0106
r,6,2,1,0.0003
r,6,2,8,0.0178
r,6,2,5,0.02
r,14,2,4,0.0151
r,14,2,6,0.0315
r,14,2,9,0.0268
r,14,2,17,0
r,14,2,19,0.0314
r,14,2,0,0
r,14,2,8,0.0286
r,14,2,14,0.0239
r,14,2,16,0.0244
r,14,2,17,0.0373
r,16,2,0,0
r,16,2,10,0.0332
r,16,2,8,0.0205
r,16,2,4,0.0132
r,16,2,0,0
r,16,2,2,0.0054
r,16,2,15,0.0226
r,16,2,6,0.0158
r,16,2,5,0.015
r,16,2,7,0.042
r,9,3,8,0.019
r,9,3,5,0.0208
r,9,3,10,0.0262
r,9,3,6,0.0161
r,9,3,12,0.0436
r,9,3,3,0.011
r,9,3,8,0.0266
r,9,3,0,0
r,9,3,12,0.0294
r,9,3,6,0.0206
r,11,3,0,0
r,11,3,5,
r,11,3,0,0
r,11,3,8,0.016
r,11,3,1,0.0016
r,11,3,7,0.0219
r,11,3,6,0.017
r,11,3,4,0.0054
r,11,3,8,0.0148
r,11,3,9,0.0229
r,13,3,6,0.0323
r,13,3,6,0.0142
r,13,3,6,0.0229
r,13,3,8,0.0259
r,13,3,5,0.0182
r,13,3,8,
r,13,3,4,0.007
r,13,3,9,0.0266
r,13,3,7,0.0306
r,13,3,7,0.0111
r,15,3,4,0.0071
r,15,3,0,0
r,15,3,7,0.0263
r,15,3,7,0.0266
r,15,3,0,0
r,15,3,0,0
r,15,3,1,0.005
r,15,3,1,0.0079
r,15,3,1,0.0079
r,15,3,2,0.0015
r,2,4,3,0.0092
r,2,4,0,0
r,2,4,0,0
r,2,4,1,0.003
r,2,4,1,0.0022
r,2,4,0,0
r,2,4,0,0
r,2,4,2,0.0048
r,2,4,1,0.0008
r,2,4,0,0
r,3,4,5,0.0073
r,3,4,3,0.0065
r,3,4,3,0.0058
r,3,4,7,0.0076
r,3,4,3,0.0084
r,3,4,0,0
r,3,4,7,0.0274
r,3,4,5,0.0193
r,3,4,2,0.0068
r,3,4,6,0.017
r,8,4,10,0.0281
r,8,4,8,0.0161
r,8,4,8,0.0298
r,8,4,8,0.0192
r,8,4,3,0.0119
r,8,4,7,0.0277
r,8,4,6,0.0231
r,8,4,3,0.0084
r,8,4,9,0.0241
r,8,4,4,0.0167
r,10,4,2,0.0008
r,10,4,1,0.0017
r,10,4,6,0.0188
r,10,4,8,0.0187
r,10,4,13,0.0199
r,10,4,5,0.0054
r,10,4,10,0.01
r,10,4,1,0.0192
r,10,4,5,0.0269
r,10,4,10,0.0275
